name: gvls
latent_dim: 128
hidden_dim: 256
mp_rounds: 0
graph_method: attention
prior: graph_mrf
k: 20
beta: 0.0007469524343990117
lambda_: 0.1369284916186077
lr: 0.0006510688581703304
