name: gvls
latent_dim: 128
hidden_dim: 256
mp_rounds: 1
graph_method: fgp
prior: isotropic
k: 20
beta: 1.9088270105863532e-05
lambda_: 1.0
lr: 0.0016171918346335103
